probe,ke,target,meanhA,meanErrhA,stdhA,stdErrhA,meannhN,meanErrhN,stdhN,stdErrhN,meanINCL,meanErrINCL,stdINCL,stdErrINCL,meanGeant4,meanErrGeant4,stdGeant4,stdErrGeant4
111,0.125,1000060120,0.500019,0.000430049,0.000337491,0.689032,0.503533,0.00627953,1.1136,0.00667442,0.550572,0.00364666,0.972172,0.00197671,0.498281,0.00238851,0.531138,0.00153354
111,0.25,1000060120,0.381703,0.0180413,2.92441,0.0137902,0.498007,0.00783825,1.31471,0.00637496,0.556453,0.00517873,0.962372,0.00269277,0.500207,0.0033184,0.547847,0.00226883
111,0.5,1000060120,1.09166,0.0298189,3.32482,0.0251469,0.527481,0.0213137,1.34746,0.0160048,0.524643,0.00963454,0.941834,0.00533389,0.507335,0.00617073,0.542902,0.00413995
111,0.125,1000260560,-0.170105,0.0215834,3.03141,0.016731,0.204649,0.00930941,1.85305,0.00946218,-1.03737,0.00322855,1.28702,0.00217621,-0.523888,0.00549234,1.33284,0.00286823
111,0.25,1000260560,-0.137845,0.017216,3.38106,0.0115283,0.0367232,0.0114625,2.24486,0.010309,-1.10929,0.0040375,1.31877,0.00278218,-0.711607,0.00591279,1.3607,0.00310611
111,0.5,1000260560,0.188837,0.0231709,3.66779,0.0146183,-0.33606,0.0234705,2.83212,0.0183439,-1.2629,0.00697638,1.38202,0.0051555,-0.983585,0.00788102,1.39858,0.0043784
111,0.125,1000822080,-1.58749,0.0192631,3.56335,0.0154001,-0.851091,0.0132367,2.47997,0.0114412,-9.94607,0.00813979,4.24079,0.0037674,-7.70127,0.0146432,3.8003,0.00729575
111,0.25,1000822080,-2.37855,0.0190658,3.86729,0.01371,-1.48174,0.016524,3.00234,0.0131213,-10.9571,0.00996979,4.60827,0.0048581,-9.88654,0.0173445,4.75766,0.0113321
111,0.5,1000822080,-3.63354,0.0227418,3.97393,0.0162264,-3.3066,0.0266041,4.10658,0.0188635,-13.2051,0.0165815,5.32228,0.0087982,-12.6305,0.0216403,5.13151,0.0122319
211,0.125,1000060120,2.51146,0.0566113,0.0913435,0.395547,2.45527,0.00569569,1.06017,0.00632736,2.1306,0.00355147,0.951116,0.00233957,2.41955,0.00270384,0.486628,0.00153974
211,0.25,1000060120,1.58269,0.0244484,2.5018,0.0152765,2.38824,0.00740785,1.26696,0.00649326,2.28152,0.00444207,0.936847,0.00272158,2.43708,0.00386461,0.528554,0.0024924
211,0.5,1000060120,1.98536,0.0279768,2.874,0.0220292,2.2676,0.0203235,1.29318,0.0177658,2.34642,0.00920552,0.930513,0.00562093,2.41534,0.00681959,0.506488,0.00414776
211,0.125,1000260560,1.43123,0.0243446,3.04824,0.0187783,2.15249,0.00850077,1.7777,0.00907404,0.648739,0.00295516,1.22688,0.00198591,1.08368,0.00460132,1.2348,0.00244136
211,0.25,1000260560,1.51442,0.0181036,3.3805,0.0121347,1.88773,0.0109033,2.18605,0.0103307,0.655032,0.00360798,1.26248,0.00245606,0.989905,0.00539368,1.296,0.00300814
211,0.5,1000260560,1.81951,0.0233553,3.64433,0.0149163,1.33803,0.0231154,2.7964,0.0187176,0.528601,0.00649831,1.32299,0.00462626,0.707783,0.00702997,1.32557,0.00410175
211,0.125,1000822080,0.18436,0.0203841,3.71096,0.0155149,1.09316,0.0125442,2.45504,0.0109439,-9.07959,0.00806855,4.20389,0.00394915,-6.47244,0.0154781,3.83699,0.00942777
211,0.25,1000822080,-0.447703,0.0195106,3.91325,0.0136646,0.341097,0.0159132,2.97796,0.0126763,-9.85844,0.00966422,4.52734,0.00475026,-8.98517,0.0189621,4.3493,0.0098253
211,0.5,1000822080,-1.671,0.0225966,3.965,0.0158762,-1.88906,0.0280888,4.16643,0.0199305,-12.0758,0.0167437,5.27987,0.00898592,-11.4586,0.0218616,5.10771,0.0125059
-211,0.125,1000060120,-1.51813,0.00297921,0.389205,0.0012061,-1.45175,0.00586075,1.11853,0.00594852,-1.06336,0.00345543,0.94505,0.00190774,-1.34524,0.00272328,0.523492,0.00188418
-211,0.25,1000060120,-0.907941,0.0236407,2.34025,0.015265,-1.40462,0.00756801,1.2799,0.00641762,-1.20635,0.004686,0.952847,0.00285715,-1.39657,0.00397182,0.555657,0.00289384
-211,0.5,1000060120,-0.0547433,0.0315601,3.11158,0.0229938,-1.3387,0.0178606,1.362,0.0137207,-1.31457,0.00928075,0.927828,0.00540058,-1.37379,0.00684033,0.532841,0.00471112
-211,0.125,1000260560,-1.52249,0.00294595,0.400829,0.00123908,-1.7127,0.00860727,1.84311,0.00878777,-2.63089,0.0031389,1.31975,0.00212807,-2.10542,0.00545163,1.39312,0.00364216
-211,0.25,1000260560,-1.75693,0.0174335,3.28753,0.0126623,-1.75722,0.0112957,2.22078,0.0104986,-2.77011,0.0039482,1.32841,0.00273664,-2.4779,0.00629445,1.41028,0.00355306
-211,0.5,1000260560,-1.5216,0.0233315,3.61342,0.0152281,-1.8975,0.0209079,2.73202,0.0170232,-2.98658,0.00704814,1.3978,0.00517305,-2.76567,0.00846752,1.40319,0.00427517
-211,0.125,1000822080,-3.60185,0.0203461,3.69172,0.0146014,-2.70051,0.0123759,2.43482,0.010695,-10.5389,0.00799175,4.21284,0.00348288,-9.32288,0.0144409,3.76386,0.00727617
-211,0.25,1000822080,-4.30609,0.0191153,3.8971,0.0133931,-3.2307,0.0162585,2.98431,0.0126127,-11.736,0.0100321,4.69598,0.00493799,-11.9577,0.0169909,4.32443,0.00943705
-211,0.5,1000822080,-5.59013,0.0228423,3.94768,0.0161547,-4.56508,0.0254518,4.01214,0.0190278,-14.3182,0.016623,5.30163,0.00845983,-14.5155,0.0217388,4.89223,0.0121825
